function x = get_x(z)
x = [
    (821/25).*z(:,1)+(821/25).*z(:,2)+(821/25).*z(:,3), ...
    (821/50).*z(:,1)+(-821/125).*z(:,2).^2+(821/2500).*z(:,3)+ ...
        (-821/500).*z(:,2).*z(:,3), ...
    (-40229/5000).*z(:,1)+(-7389/1000).*z(:,1).*z(:,2)+ ...
        (821/12500).*z(:,2).^2+(2463/500).*z(:,2).^3+(-821/250000).*z(:,3)+ ...
        (-821/1000).*z(:,1).*z(:,3)+(13957/25000).*z(:,2).*z(:,3)+ ...
        (13957/10000).*z(:,2).^2.*z(:,3)+(-821/25000).*z(:,3).^2+ ...
        (821/10000).*z(:,2).*z(:,3).^2
];
end
